@edge
@coreData=BHSA
@coreVersion=c
@dateWritten=2020-05-11T13:34:16Z
@description=Edges to co-referring actors on chapter-level. The references are adapted from Eep Talstra's work on participant tracking. http://doi.org/10.5281/zenodo.1479491
@upgraded=‼️ from version c to 2021
@valueType=str
@writtenBy=Text-Fabric
@writtenBy=Text-Fabric
@dateWritten=2022-01-31T19:21:39Z

63021	1317253
63029	943206
63067	943220
63094	943216,943219,943224,943230-943231,943237,943239,943241-943242
63101	63154,63166,63168,63170,63256,63263,63280,63290,63307,943245-943246,943249-943250,943253,943258,943275,943280-943281,943339,943348,943386,943389,1317259,1317337
63110	63126,943247,943277
63126	63110,943247,943277
63154	63101,63166,63168,63170,63256,63263,63280,63290,63307,943245-943246,943249-943250,943253,943258,943275,943280-943281,943339,943348,943386,943389,1317259,1317337
63161	943278
63166	63101,63154,63168,63170,63256,63263,63280,63290,63307,943245-943246,943249-943250,943253,943258,943275,943280-943281,943339,943348,943386,943389,1317259,1317337
63168	63101,63154,63166,63170,63256,63263,63280,63290,63307,943245-943246,943249-943250,943253,943258,943275,943280-943281,943339,943348,943386,943389,1317259,1317337
63170	63101,63154,63166,63168,63256,63263,63280,63290,63307,943245-943246,943249-943250,943253,943258,943275,943280-943281,943339,943348,943386,943389,1317259,1317337
63184	63223,943217,1317307,1317321
63196	63199,943298
63199	63196,943298
63209	943291,943297,943302-943303,943307-943308,943317,943363,943369,943374,943377
63223	63184,943217,1317307,1317321
63230	943201-943202,943204,943213-943215,943233,943254,943260,943272,943305,943320,943327,943335-943336,943347,943385,1317275,1317294
63241	63244,63369,63387,63392,943322,943324,943400,943404,943407,943410,943413,943417,943421,943423,1317358
63244	63241,63369,63387,63392,943322,943324,943400,943404,943407,943410,943413,943417,943421,943423,1317358
63255	943235-943236,943238,943265,943325,943342-943343,943345,943353,943361,1317324
63101,63154,63166,63168,63170,63263,63280,63290,63307,943245-943246,943249-943250,943253,943258,943275,943280-943281,943339,943348,943386,943389,1317259,1317337
63263	63101,63154,63166,63168,63170,63256,63280,63290,63307,943245-943246,943249-943250,943253,943258,943275,943280-943281,943339,943348,943386,943389,1317259,1317337
63280	63101,63154,63166,63168,63170,63256,63263,63290,63307,943245-943246,943249-943250,943253,943258,943275,943280-943281,943339,943348,943386,943389,1317259,1317337
63290	63101,63154,63166,63168,63170,63256,63263,63280,63307,943245-943246,943249-943250,943253,943258,943275,943280-943281,943339,943348,943386,943389,1317259,1317337
63307	63101,63154,63166,63168,63170,63256,63263,63280,63290,943245-943246,943249-943250,943253,943258,943275,943280-943281,943339,943348,943386,943389,1317259,1317337
63319	943370,943372
63321	943375
63329	63331,63347,1317328,1317345,1317351,1317355
63331	63329,63347,1317328,1317345,1317351,1317355
63347	63329,63331,1317328,1317345,1317351,1317355
63350	943381-943383,943387,943391-943393
63369	63241,63244,63387,63392,943322,943324,943400,943404,943407,943410,943413,943417,943421,943423,1317358
63387	63241,63244,63369,63392,943322,943324,943400,943404,943407,943410,943413,943417,943421,943423,1317358
63392	63241,63244,63369,63387,943322,943324,943400,943404,943407,943410,943413,943417,943421,943423,1317358
63406	63409,63427,63448,63706,63746,63760,63770,63772,63782,63816,63823,943431,943440,943443,943452,943456,943458,943461-943462,943468,943482-943483,943624,943646-943647,943651,943671,943690,943692,943699
63409	63406,63427,63448,63706,63746,63760,63770,63772,63782,63816,63823,943431,943440,943443,943452,943456,943458,943461-943462,943468,943482-943483,943624,943646-943647,943651,943671,943690,943692,943699
63416	1317368
63427	63406,63409,63448,63706,63746,63760,63770,63772,63782,63816,63823,943431,943440,943443,943452,943456,943458,943461-943462,943468,943482-943483,943624,943646-943647,943651,943671,943690,943692,943699
63433	1317372
63437	63441,63452,63455,63725,63728,63805,943426-943427,943429,943435-943437,943447-943448,943464-943466,943477-943478,943485-943486,943599-943600,943631-943632,943638,943701-943703
63441	63437,63452,63455,63725,63728,63805,943426-943427,943429,943435-943437,943447-943448,943464-943466,943477-943478,943485-943486,943599-943600,943631-943632,943638,943701-943703
63445	943457,1317374,1317476
63448	63406,63409,63427,63706,63746,63760,63770,63772,63782,63816,63823,943431,943440,943443,943452,943456,943458,943461-943462,943468,943482-943483,943624,943646-943647,943651,943671,943690,943692,943699
63452	63437,63441,63455,63725,63728,63805,943426-943427,943429,943435-943437,943447-943448,943464-943466,943477-943478,943485-943486,943599-943600,943631-943632,943638,943701-943703
63455	63437,63441,63452,63725,63728,63805,943426-943427,943429,943435-943437,943447-943448,943464-943466,943477-943478,943485-943486,943599-943600,943631-943632,943638,943701-943703
63458	63463,943469
63463	63458,943469
63471	943479
63480	63483,63486,63493,63497,63500,63502,63505,63516,63519,63524,63529,63531-63532,63539,63543,63547,63552,63556,63563,63566,63570,63577,63581,63633,63636,63644,63657,63675,943489,943493,943497,943504,943508,943518,943522,943527,943533,943536,943541,943545,943549,943554,943557-943558,943568-943570,943578-943579,943584,943587,943592-943593,943597,943604,943611,943613
63483	63480,63486,63493,63497,63500,63502,63505,63516,63519,63524,63529,63531-63532,63539,63543,63547,63552,63556,63563,63566,63570,63577,63581,63633,63636,63644,63657,63675,943489,943493,943497,943504,943508,943518,943522,943527,943533,943536,943541,943545,943549,943554,943557-943558,943568-943570,943578-943579,943584,943587,943592-943593,943597,943604,943611,943613
63486	63480,63483,63493,63497,63500,63502,63505,63516,63519,63524,63529,63531-63532,63539,63543,63547,63552,63556,63563,63566,63570,63577,63581,63633,63636,63644,63657,63675,943489,943493,943497,943504,943508,943518,943522,943527,943533,943536,943541,943545,943549,943554,943557-943558,943568-943570,943578-943579,943584,943587,943592-943593,943597,943604,943611,943613
63490	943490-943491,1317385,1317399,1317431,1317434
63493	63480,63483,63486,63497,63500,63502,63505,63516,63519,63524,63529,63531-63532,63539,63543,63547,63552,63556,63563,63566,63570,63577,63581,63633,63636,63644,63657,63675,943489,943493,943497,943504,943508,943518,943522,943527,943533,943536,943541,943545,943549,943554,943557-943558,943568-943570,943578-943579,943584,943587,943592-943593,943597,943604,943611,943613
63497	63480,63483,63486,63493,63500,63502,63505,63516,63519,63524,63529,63531-63532,63539,63543,63547,63552,63556,63563,63566,63570,63577,63581,63633,63636,63644,63657,63675,943489,943493,943497,943504,943508,943518,943522,943527,943533,943536,943541,943545,943549,943554,943557-943558,943568-943570,943578-943579,943584,943587,943592-943593,943597,943604,943611,943613
63500	63480,63483,63486,63493,63497,63502,63505,63516,63519,63524,63529,63531-63532,63539,63543,63547,63552,63556,63563,63566,63570,63577,63581,63633,63636,63644,63657,63675,943489,943493,943497,943504,943508,943518,943522,943527,943533,943536,943541,943545,943549,943554,943557-943558,943568-943570,943578-943579,943584,943587,943592-943593,943597,943604,943611,943613
63502	63480,63483,63486,63493,63497,63500,63505,63516,63519,63524,63529,63531-63532,63539,63543,63547,63552,63556,63563,63566,63570,63577,63581,63633,63636,63644,63657,63675,943489,943493,943497,943504,943508,943518,943522,943527,943533,943536,943541,943545,943549,943554,943557-943558,943568-943570,943578-943579,943584,943587,943592-943593,943597,943604,943611,943613
63505	63480,63483,63486,63493,63497,63500,63502,63516,63519,63524,63529,63531-63532,63539,63543,63547,63552,63556,63563,63566,63570,63577,63581,63633,63636,63644,63657,63675,943489,943493,943497,943504,943508,943518,943522,943527,943533,943536,943541,943545,943549,943554,943557-943558,943568-943570,943578-943579,943584,943587,943592-943593,943597,943604,943611,943613
63516	63480,63483,63486,63493,63497,63500,63502,63505,63519,63524,63529,63531-63532,63539,63543,63547,63552,63556,63563,63566,63570,63577,63581,63633,63636,63644,63657,63675,943489,943493,943497,943504,943508,943518,943522,943527,943533,943536,943541,943545,943549,943554,943557-943558,943568-943570,943578-943579,943584,943587,943592-943593,943597,943604,943611,943613
63519	63480,63483,63486,63493,63497,63500,63502,63505,63516,63524,63529,63531-63532,63539,63543,63547,63552,63556,63563,63566,63570,63577,63581,63633,63636,63644,63657,63675,943489,943493,943497,943504,943508,943518,943522,943527,943533,943536,943541,943545,943549,943554,943557-943558,943568-943570,943578-943579,943584,943587,943592-943593,943597,943604,943611,943613
63522	943511-943512
63524	63480,63483,63486,63493,63497,63500,63502,63505,63516,63519,63529,63531-63532,63539,63543,63547,63552,63556,63563,63566,63570,63577,63581,63633,63636,63644,63657,63675,943489,943493,943497,943504,943508,943518,943522,943527,943533,943536,943541,943545,943549,943554,943557-943558,943568-943570,943578-943579,943584,943587,943592-943593,943597,943604,943611,943613
63529	63480,63483,63486,63493,63497,63500,63502,63505,63516,63519,63524,63531-63532,63539,63543,63547,63552,63556,63563,63566,63570,63577,63581,63633,63636,63644,63657,63675,943489,943493,943497,943504,943508,943518,943522,943527,943533,943536,943541,943545,943549,943554,943557-943558,943568-943570,943578-943579,943584,943587,943592-943593,943597,943604,943611,943613
63531	63480,63483,63486,63493,63497,63500,63502,63505,63516,63519,63524,63529,63532,63539,63543,63547,63552,63556,63563,63566,63570,63577,63581,63633,63636,63644,63657,63675,943489,943493,943497,943504,943508,943518,943522,943527,943533,943536,943541,943545,943549,943554,943557-943558,943568-943570,943578-943579,943584,943587,943592-943593,943597,943604,943611,943613
63480,63483,63486,63493,63497,63500,63502,63505,63516,63519,63524,63529,63531,63539,63543,63547,63552,63556,63563,63566,63570,63577,63581,63633,63636,63644,63657,63675,943489,943493,943497,943504,943508,943518,943522,943527,943533,943536,943541,943545,943549,943554,943557-943558,943568-943570,943578-943579,943584,943587,943592-943593,943597,943604,943611,943613
63539	63480,63483,63486,63493,63497,63500,63502,63505,63516,63519,63524,63529,63531-63532,63543,63547,63552,63556,63563,63566,63570,63577,63581,63633,63636,63644,63657,63675,943489,943493,943497,943504,943508,943518,943522,943527,943533,943536,943541,943545,943549,943554,943557-943558,943568-943570,943578-943579,943584,943587,943592-943593,943597,943604,943611,943613
63543	63480,63483,63486,63493,63497,63500,63502,63505,63516,63519,63524,63529,63531-63532,63539,63547,63552,63556,63563,63566,63570,63577,63581,63633,63636,63644,63657,63675,943489,943493,943497,943504,943508,943518,943522,943527,943533,943536,943541,943545,943549,943554,943557-943558,943568-943570,943578-943579,943584,943587,943592-943593,943597,943604,943611,943613
63547	63480,63483,63486,63493,63497,63500,63502,63505,63516,63519,63524,63529,63531-63532,63539,63543,63552,63556,63563,63566,63570,63577,63581,63633,63636,63644,63657,63675,943489,943493,943497,943504,943508,943518,943522,943527,943533,943536,943541,943545,943549,943554,943557-943558,943568-943570,943578-943579,943584,943587,943592-943593,943597,943604,943611,943613
63552	63480,63483,63486,63493,63497,63500,63502,63505,63516,63519,63524,63529,63531-63532,63539,63543,63547,63556,63563,63566,63570,63577,63581,63633,63636,63644,63657,63675,943489,943493,943497,943504,943508,943518,943522,943527,943533,943536,943541,943545,943549,943554,943557-943558,943568-943570,943578-943579,943584,943587,943592-943593,943597,943604,943611,943613
63556	63480,63483,63486,63493,63497,63500,63502,63505,63516,63519,63524,63529,63531-63532,63539,63543,63547,63552,63563,63566,63570,63577,63581,63633,63636,63644,63657,63675,943489,943493,943497,943504,943508,943518,943522,943527,943533,943536,943541,943545,943549,943554,943557-943558,943568-943570,943578-943579,943584,943587,943592-943593,943597,943604,943611,943613
63560	1317438
63563	63480,63483,63486,63493,63497,63500,63502,63505,63516,63519,63524,63529,63531-63532,63539,63543,63547,63552,63556,63566,63570,63577,63581,63633,63636,63644,63657,63675,943489,943493,943497,943504,943508,943518,943522,943527,943533,943536,943541,943545,943549,943554,943557-943558,943568-943570,943578-943579,943584,943587,943592-943593,943597,943604,943611,943613
63566	63480,63483,63486,63493,63497,63500,63502,63505,63516,63519,63524,63529,63531-63532,63539,63543,63547,63552,63556,63563,63570,63577,63581,63633,63636,63644,63657,63675,943489,943493,943497,943504,943508,943518,943522,943527,943533,943536,943541,943545,943549,943554,943557-943558,943568-943570,943578-943579,943584,943587,943592-943593,943597,943604,943611,943613
63570	63480,63483,63486,63493,63497,63500,63502,63505,63516,63519,63524,63529,63531-63532,63539,63543,63547,63552,63556,63563,63566,63577,63581,63633,63636,63644,63657,63675,943489,943493,943497,943504,943508,943518,943522,943527,943533,943536,943541,943545,943549,943554,943557-943558,943568-943570,943578-943579,943584,943587,943592-943593,943597,943604,943611,943613
63574	943542-943543,1317440
63577	63480,63483,63486,63493,63497,63500,63502,63505,63516,63519,63524,63529,63531-63532,63539,63543,63547,63552,63556,63563,63566,63570,63581,63633,63636,63644,63657,63675,943489,943493,943497,943504,943508,943518,943522,943527,943533,943536,943541,943545,943549,943554,943557-943558,943568-943570,943578-943579,943584,943587,943592-943593,943597,943604,943611,943613
63581	63480,63483,63486,63493,63497,63500,63502,63505,63516,63519,63524,63529,63531-63532,63539,63543,63547,63552,63556,63563,63566,63570,63577,63633,63636,63644,63657,63675,943489,943493,943497,943504,943508,943518,943522,943527,943533,943536,943541,943545,943549,943554,943557-943558,943568-943570,943578-943579,943584,943587,943592-943593,943597,943604,943611,943613
63586	63591,63595,63600,63608,63615,63624,63629,943565,943575,943616,943618,943620,1317450,1317466
63591	63586,63595,63600,63608,63615,63624,63629,943565,943575,943616,943618,943620,1317450,1317466
63595	63586,63591,63600,63608,63615,63624,63629,943565,943575,943616,943618,943620,1317450,1317466
63600	63586,63591,63595,63608,63615,63624,63629,943565,943575,943616,943618,943620,1317450,1317466
63608	63586,63591,63595,63600,63615,63624,63629,943565,943575,943616,943618,943620,1317450,1317466
63615	63586,63591,63595,63600,63608,63624,63629,943565,943575,943616,943618,943620,1317450,1317466
63618,943566
63618	63616,943566
63624	63586,63591,63595,63600,63608,63615,63629,943565,943575,943616,943618,943620,1317450,1317466
63629	63586,63591,63595,63600,63608,63615,63624,943565,943575,943616,943618,943620,1317450,1317466
63633	63480,63483,63486,63493,63497,63500,63502,63505,63516,63519,63524,63529,63531-63532,63539,63543,63547,63552,63556,63563,63566,63570,63577,63581,63636,63644,63657,63675,943489,943493,943497,943504,943508,943518,943522,943527,943533,943536,943541,943545,943549,943554,943557-943558,943568-943570,943578-943579,943584,943587,943592-943593,943597,943604,943611,943613
63636	63480,63483,63486,63493,63497,63500,63502,63505,63516,63519,63524,63529,63531-63532,63539,63543,63547,63552,63556,63563,63566,63570,63577,63581,63633,63644,63657,63675,943489,943493,943497,943504,943508,943518,943522,943527,943533,943536,943541,943545,943549,943554,943557-943558,943568-943570,943578-943579,943584,943587,943592-943593,943597,943604,943611,943613
63641	943582
63644	63480,63483,63486,63493,63497,63500,63502,63505,63516,63519,63524,63529,63531-63532,63539,63543,63547,63552,63556,63563,63566,63570,63577,63581,63633,63636,63657,63675,943489,943493,943497,943504,943508,943518,943522,943527,943533,943536,943541,943545,943549,943554,943557-943558,943568-943570,943578-943579,943584,943587,943592-943593,943597,943604,943611,943613
63657	63480,63483,63486,63493,63497,63500,63502,63505,63516,63519,63524,63529,63531-63532,63539,63543,63547,63552,63556,63563,63566,63570,63577,63581,63633,63636,63644,63675,943489,943493,943497,943504,943508,943518,943522,943527,943533,943536,943541,943545,943549,943554,943557-943558,943568-943570,943578-943579,943584,943587,943592-943593,943597,943604,943611,943613
63675	63480,63483,63486,63493,63497,63500,63502,63505,63516,63519,63524,63529,63531-63532,63539,63543,63547,63552,63556,63563,63566,63570,63577,63581,63633,63636,63644,63657,943489,943493,943497,943504,943508,943518,943522,943527,943533,943536,943541,943545,943549,943554,943557-943558,943568-943570,943578-943579,943584,943587,943592-943593,943597,943604,943611,943613
63678	63687,1317468,1317470
63687	63678,1317468,1317470
63706	63406,63409,63427,63448,63746,63760,63770,63772,63782,63816,63823,943431,943440,943443,943452,943456,943458,943461-943462,943468,943482-943483,943624,943646-943647,943651,943671,943690,943692,943699
63713	63714,63720,63773,943635-943636,943642-943643,943664-943665,943668-943669,943674,1317488
63713,63720,63773,943635-943636,943642-943643,943664-943665,943668-943669,943674,1317488
63720	63713-63714,63773,943635-943636,943642-943643,943664-943665,943668-943669,943674,1317488
63725	63437,63441,63452,63455,63728,63805,943426-943427,943429,943435-943437,943447-943448,943464-943466,943477-943478,943485-943486,943599-943600,943631-943632,943638,943701-943703
63728	63437,63441,63452,63455,63725,63805,943426-943427,943429,943435-943437,943447-943448,943464-943466,943477-943478,943485-943486,943599-943600,943631-943632,943638,943701-943703
63746	63406,63409,63427,63448,63706,63760,63770,63772,63782,63816,63823,943431,943440,943443,943452,943456,943458,943461-943462,943468,943482-943483,943624,943646-943647,943651,943671,943690,943692,943699
63760	63406,63409,63427,63448,63706,63746,63770,63772,63782,63816,63823,943431,943440,943443,943452,943456,943458,943461-943462,943468,943482-943483,943624,943646-943647,943651,943671,943690,943692,943699
63770	63406,63409,63427,63448,63706,63746,63760,63772,63782,63816,63823,943431,943440,943443,943452,943456,943458,943461-943462,943468,943482-943483,943624,943646-943647,943651,943671,943690,943692,943699
63772	63406,63409,63427,63448,63706,63746,63760,63770,63782,63816,63823,943431,943440,943443,943452,943456,943458,943461-943462,943468,943482-943483,943624,943646-943647,943651,943671,943690,943692,943699
63713-63714,63720,943635-943636,943642-943643,943664-943665,943668-943669,943674,1317488
63782	63406,63409,63427,63448,63706,63746,63760,63770,63772,63816,63823,943431,943440,943443,943452,943456,943458,943461-943462,943468,943482-943483,943624,943646-943647,943651,943671,943690,943692,943699
63801	943684-943685,943687
63805	63437,63441,63452,63455,63725,63728,943426-943427,943429,943435-943437,943447-943448,943464-943466,943477-943478,943485-943486,943599-943600,943631-943632,943638,943701-943703
63816	63406,63409,63427,63448,63706,63746,63760,63770,63772,63782,63823,943431,943440,943443,943452,943456,943458,943461-943462,943468,943482-943483,943624,943646-943647,943651,943671,943690,943692,943699
63820	943693,943695
63823	63406,63409,63427,63448,63706,63746,63760,63770,63772,63782,63816,943431,943440,943443,943452,943456,943458,943461-943462,943468,943482-943483,943624,943646-943647,943651,943671,943690,943692,943699
63839	63846,63858,63869,63872,63881,63885,63933,63936,63968,64188,64216,64220,64234,64248,64254,64297,64318,64324,64326,64331,64344,64371,64374,64377,943714-943715,943723,943726,943731,943736,943743,943747,943779,943784,943804,943807,943810,943815,943848,943895,943960,943963,943966,943984,943986,943993,943996,943999,944001,944011,944016,944033,944036,944040,944045-944046,944068,944083-944084,944090,944106,944109,1317501
63846	63839,63858,63869,63872,63881,63885,63933,63936,63968,64188,64216,64220,64234,64248,64254,64297,64318,64324,64326,64331,64344,64371,64374,64377,943714-943715,943723,943726,943731,943736,943743,943747,943779,943784,943804,943807,943810,943815,943848,943895,943960,943963,943966,943984,943986,943993,943996,943999,944001,944011,944016,944033,944036,944040,944045-944046,944068,944083-944084,944090,944106,944109,1317501
63848	63850,63979,64137,64148,64159,64164,64166,943721,943811,943911,943913,943938,943951,943957
63850	63848,63979,64137,64148,64159,64164,64166,943721,943811,943911,943913,943938,943951,943957
63854	63984,64087,64274,64277,64385,64389,943705-943706,943708,943717-943720,943727-943729,943738-943740,943745,943761,943800-943802,943821-943822,943845-943846,943868-943869,943892-943893,943940,943989-943991,944018-944019,944037-944038,944048-944050,944059-944060,944086-944088,944098-944100,944102,944111-944112,1317516,1317556
63858	63839,63846,63869,63872,63881,63885,63933,63936,63968,64188,64216,64220,64234,64248,64254,64297,64318,64324,64326,64331,64344,64371,64374,64377,943714-943715,943723,943726,943731,943736,943743,943747,943779,943784,943804,943807,943810,943815,943848,943895,943960,943963,943966,943984,943986,943993,943996,943999,944001,944011,944016,944033,944036,944040,944045-944046,944068,944083-944084,944090,944106,944109,1317501
63869	63839,63846,63858,63872,63881,63885,63933,63936,63968,64188,64216,64220,64234,64248,64254,64297,64318,64324,64326,64331,64344,64371,64374,64377,943714-943715,943723,943726,943731,943736,943743,943747,943779,943784,943804,943807,943810,943815,943848,943895,943960,943963,943966,943984,943986,943993,943996,943999,944001,944011,944016,944033,944036,944040,944045-944046,944068,944083-944084,944090,944106,944109,1317501
63872	63839,63846,63858,63869,63881,63885,63933,63936,63968,64188,64216,64220,64234,64248,64254,64297,64318,64324,64326,64331,64344,64371,64374,64377,943714-943715,943723,943726,943731,943736,943743,943747,943779,943784,943804,943807,943810,943815,943848,943895,943960,943963,943966,943984,943986,943993,943996,943999,944001,944011,944016,944033,944036,944040,944045-944046,944068,944083-944084,944090,944106,944109,1317501
63881	63839,63846,63858,63869,63872,63885,63933,63936,63968,64188,64216,64220,64234,64248,64254,64297,64318,64324,64326,64331,64344,64371,64374,64377,943714-943715,943723,943726,943731,943736,943743,943747,943779,943784,943804,943807,943810,943815,943848,943895,943960,943963,943966,943984,943986,943993,943996,943999,944001,944011,944016,944033,944036,944040,944045-944046,944068,944083-944084,944090,944106,944109,1317501
943744,943749
63885	63839,63846,63858,63869,63872,63881,63933,63936,63968,64188,64216,64220,64234,64248,64254,64297,64318,64324,64326,64331,64344,64371,64374,64377,943714-943715,943723,943726,943731,943736,943743,943747,943779,943784,943804,943807,943810,943815,943848,943895,943960,943963,943966,943984,943986,943993,943996,943999,944001,944011,944016,944033,944036,944040,944045-944046,944068,944083-944084,944090,944106,944109,1317501
63915	943763-943764,943766
943768,943770,943773
63930	943775-943776
63933	63839,63846,63858,63869,63872,63881,63885,63936,63968,64188,64216,64220,64234,64248,64254,64297,64318,64324,64326,64331,64344,64371,64374,64377,943714-943715,943723,943726,943731,943736,943743,943747,943779,943784,943804,943807,943810,943815,943848,943895,943960,943963,943966,943984,943986,943993,943996,943999,944001,944011,944016,944033,944036,944040,944045-944046,944068,944083-944084,944090,944106,944109,1317501
63936	63839,63846,63858,63869,63872,63881,63885,63933,63968,64188,64216,64220,64234,64248,64254,64297,64318,64324,64326,64331,64344,64371,64374,64377,943714-943715,943723,943726,943731,943736,943743,943747,943779,943784,943804,943807,943810,943815,943848,943895,943960,943963,943966,943984,943986,943993,943996,943999,944001,944011,944016,944033,944036,944040,944045-944046,944068,944083-944084,944090,944106,944109,1317501
63940	63945,63949,63954,63992,63998,64006,64022,64043,64048,64053,64059,64061,64065,64078,64082-64083,64089,64093,64103,64240,64260,64309,64315,64335,943782,943788,943792,943796,943798,943819,943824,943828,943835,943840,943843,943852,943856,943859,943862,943866,943871,943875,943879,943883,943886,943889,943898,943902,944005,944021,944023,944052,944054,944057,944079
63945	63940,63949,63954,63992,63998,64006,64022,64043,64048,64053,64059,64061,64065,64078,64082-64083,64089,64093,64103,64240,64260,64309,64315,64335,943782,943788,943792,943796,943798,943819,943824,943828,943835,943840,943843,943852,943856,943859,943862,943866,943871,943875,943879,943883,943886,943889,943898,943902,944005,944021,944023,944052,944054,944057,944079
63949	63940,63945,63954,63992,63998,64006,64022,64043,64048,64053,64059,64061,64065,64078,64082-64083,64089,64093,64103,64240,64260,64309,64315,64335,943782,943788,943792,943796,943798,943819,943824,943828,943835,943840,943843,943852,943856,943859,943862,943866,943871,943875,943879,943883,943886,943889,943898,943902,944005,944021,944023,944052,944054,944057,944079
63954	63940,63945,63949,63992,63998,64006,64022,64043,64048,64053,64059,64061,64065,64078,64082-64083,64089,64093,64103,64240,64260,64309,64315,64335,943782,943788,943792,943796,943798,943819,943824,943828,943835,943840,943843,943852,943856,943859,943862,943866,943871,943875,943879,943883,943886,943889,943898,943902,944005,944021,944023,944052,944054,944057,944079
63965	943794
63968	63839,63846,63858,63869,63872,63881,63885,63933,63936,64188,64216,64220,64234,64248,64254,64297,64318,64324,64326,64331,64344,64371,64374,64377,943714-943715,943723,943726,943731,943736,943743,943747,943779,943784,943804,943807,943810,943815,943848,943895,943960,943963,943966,943984,943986,943993,943996,943999,944001,944011,944016,944033,944036,944040,944045-944046,944068,944083-944084,944090,944106,944109,1317501
63979	63848,63850,64137,64148,64159,64164,64166,943721,943811,943911,943913,943938,943951,943957
63984	63854,64087,64274,64277,64385,64389,943705-943706,943708,943717-943720,943727-943729,943738-943740,943745,943761,943800-943802,943821-943822,943845-943846,943868-943869,943892-943893,943940,943989-943991,944018-944019,944037-944038,944048-944050,944059-944060,944086-944088,944098-944100,944102,944111-944112,1317516,1317556
63992	63940,63945,63949,63954,63998,64006,64022,64043,64048,64053,64059,64061,64065,64078,64082-64083,64089,64093,64103,64240,64260,64309,64315,64335,943782,943788,943792,943796,943798,943819,943824,943828,943835,943840,943843,943852,943856,943859,943862,943866,943871,943875,943879,943883,943886,943889,943898,943902,944005,944021,944023,944052,944054,944057,944079
63998	63940,63945,63949,63954,63992,64006,64022,64043,64048,64053,64059,64061,64065,64078,64082-64083,64089,64093,64103,64240,64260,64309,64315,64335,943782,943788,943792,943796,943798,943819,943824,943828,943835,943840,943843,943852,943856,943859,943862,943866,943871,943875,943879,943883,943886,943889,943898,943902,944005,944021,944023,944052,944054,944057,944079
64006	63940,63945,63949,63954,63992,63998,64022,64043,64048,64053,64059,64061,64065,64078,64082-64083,64089,64093,64103,64240,64260,64309,64315,64335,943782,943788,943792,943796,943798,943819,943824,943828,943835,943840,943843,943852,943856,943859,943862,943866,943871,943875,943879,943883,943886,943889,943898,943902,944005,944021,944023,944052,944054,944057,944079
64022	63940,63945,63949,63954,63992,63998,64006,64043,64048,64053,64059,64061,64065,64078,64082-64083,64089,64093,64103,64240,64260,64309,64315,64335,943782,943788,943792,943796,943798,943819,943824,943828,943835,943840,943843,943852,943856,943859,943862,943866,943871,943875,943879,943883,943886,943889,943898,943902,944005,944021,944023,944052,944054,944057,944079
64043	63940,63945,63949,63954,63992,63998,64006,64022,64048,64053,64059,64061,64065,64078,64082-64083,64089,64093,64103,64240,64260,64309,64315,64335,943782,943788,943792,943796,943798,943819,943824,943828,943835,943840,943843,943852,943856,943859,943862,943866,943871,943875,943879,943883,943886,943889,943898,943902,944005,944021,944023,944052,944054,944057,944079
64048	63940,63945,63949,63954,63992,63998,64006,64022,64043,64053,64059,64061,64065,64078,64082-64083,64089,64093,64103,64240,64260,64309,64315,64335,943782,943788,943792,943796,943798,943819,943824,943828,943835,943840,943843,943852,943856,943859,943862,943866,943871,943875,943879,943883,943886,943889,943898,943902,944005,944021,944023,944052,944054,944057,944079
64053	63940,63945,63949,63954,63992,63998,64006,64022,64043,64048,64059,64061,64065,64078,64082-64083,64089,64093,64103,64240,64260,64309,64315,64335,943782,943788,943792,943796,943798,943819,943824,943828,943835,943840,943843,943852,943856,943859,943862,943866,943871,943875,943879,943883,943886,943889,943898,943902,944005,944021,944023,944052,944054,944057,944079
64059	63940,63945,63949,63954,63992,63998,64006,64022,64043,64048,64053,64061,64065,64078,64082-64083,64089,64093,64103,64240,64260,64309,64315,64335,943782,943788,943792,943796,943798,943819,943824,943828,943835,943840,943843,943852,943856,943859,943862,943866,943871,943875,943879,943883,943886,943889,943898,943902,944005,944021,944023,944052,944054,944057,944079
64061	63940,63945,63949,63954,63992,63998,64006,64022,64043,64048,64053,64059,64065,64078,64082-64083,64089,64093,64103,64240,64260,64309,64315,64335,943782,943788,943792,943796,943798,943819,943824,943828,943835,943840,943843,943852,943856,943859,943862,943866,943871,943875,943879,943883,943886,943889,943898,943902,944005,944021,944023,944052,944054,944057,944079
64065	63940,63945,63949,63954,63992,63998,64006,64022,64043,64048,64053,64059,64061,64078,64082-64083,64089,64093,64103,64240,64260,64309,64315,64335,943782,943788,943792,943796,943798,943819,943824,943828,943835,943840,943843,943852,943856,943859,943862,943866,943871,943875,943879,943883,943886,943889,943898,943902,944005,944021,944023,944052,944054,944057,944079
64069	943860,943876
64078	63940,63945,63949,63954,63992,63998,64006,64022,64043,64048,64053,64059,64061,64065,64082-64083,64089,64093,64103,64240,64260,64309,64315,64335,943782,943788,943792,943796,943798,943819,943824,943828,943835,943840,943843,943852,943856,943859,943862,943866,943871,943875,943879,943883,943886,943889,943898,943902,944005,944021,944023,944052,944054,944057,944079
64082	63940,63945,63949,63954,63992,63998,64006,64022,64043,64048,64053,64059,64061,64065,64078,64083,64089,64093,64103,64240,64260,64309,64315,64335,943782,943788,943792,943796,943798,943819,943824,943828,943835,943840,943843,943852,943856,943859,943862,943866,943871,943875,943879,943883,943886,943889,943898,943902,944005,944021,944023,944052,944054,944057,944079
63940,63945,63949,63954,63992,63998,64006,64022,64043,64048,64053,64059,64061,64065,64078,64082,64089,64093,64103,64240,64260,64309,64315,64335,943782,943788,943792,943796,943798,943819,943824,943828,943835,943840,943843,943852,943856,943859,943862,943866,943871,943875,943879,943883,943886,943889,943898,943902,944005,944021,944023,944052,944054,944057,944079
64087	63854,63984,64274,64277,64385,64389,943705-943706,943708,943717-943720,943727-943729,943738-943740,943745,943761,943800-943802,943821-943822,943845-943846,943868-943869,943892-943893,943940,943989-943991,944018-944019,944037-944038,944048-944050,944059-944060,944086-944088,944098-944100,944102,944111-944112,1317516,1317556
64089	63940,63945,63949,63954,63992,63998,64006,64022,64043,64048,64053,64059,64061,64065,64078,64082-64083,64093,64103,64240,64260,64309,64315,64335,943782,943788,943792,943796,943798,943819,943824,943828,943835,943840,943843,943852,943856,943859,943862,943866,943871,943875,943879,943883,943886,943889,943898,943902,944005,944021,944023,944052,944054,944057,944079
64093	63940,63945,63949,63954,63992,63998,64006,64022,64043,64048,64053,64059,64061,64065,64078,64082-64083,64089,64103,64240,64260,64309,64315,64335,943782,943788,943792,943796,943798,943819,943824,943828,943835,943840,943843,943852,943856,943859,943862,943866,943871,943875,943879,943883,943886,943889,943898,943902,944005,944021,944023,944052,944054,944057,944079
64103	63940,63945,63949,63954,63992,63998,64006,64022,64043,64048,64053,64059,64061,64065,64078,64082-64083,64089,64093,64240,64260,64309,64315,64335,943782,943788,943792,943796,943798,943819,943824,943828,943835,943840,943843,943852,943856,943859,943862,943866,943871,943875,943879,943883,943886,943889,943898,943902,944005,944021,944023,944052,944054,944057,944079
64126	943914,943917-943919,943924,943936
64137	63848,63850,63979,64148,64159,64164,64166,943721,943811,943911,943913,943938,943951,943957
64148	63848,63850,63979,64137,64159,64164,64166,943721,943811,943911,943913,943938,943951,943957
64159	63848,63850,63979,64137,64148,64164,64166,943721,943811,943911,943913,943938,943951,943957
64164	63848,63850,63979,64137,64148,64159,64166,943721,943811,943911,943913,943938,943951,943957
64166	63848,63850,63979,64137,64148,64159,64164,943721,943811,943911,943913,943938,943951,943957
64182	64184,64200,64213,64217,1317560
64184	64182,64200,64213,64217,1317560
64188	63839,63846,63858,63869,63872,63881,63885,63933,63936,63968,64216,64220,64234,64248,64254,64297,64318,64324,64326,64331,64344,64371,64374,64377,943714-943715,943723,943726,943731,943736,943743,943747,943779,943784,943804,943807,943810,943815,943848,943895,943960,943963,943966,943984,943986,943993,943996,943999,944001,944011,944016,944033,944036,944040,944045-944046,944068,944083-944084,944090,944106,944109,1317501
64200	64182,64184,64213,64217,1317560
64213	64182,64184,64200,64217,1317560
64216	63839,63846,63858,63869,63872,63881,63885,63933,63936,63968,64188,64220,64234,64248,64254,64297,64318,64324,64326,64331,64344,64371,64374,64377,943714-943715,943723,943726,943731,943736,943743,943747,943779,943784,943804,943807,943810,943815,943848,943895,943960,943963,943966,943984,943986,943993,943996,943999,944001,944011,944016,944033,944036,944040,944045-944046,944068,944083-944084,944090,944106,944109,1317501
64182,64184,64200,64213,1317560
64220	63839,63846,63858,63869,63872,63881,63885,63933,63936,63968,64188,64216,64234,64248,64254,64297,64318,64324,64326,64331,64344,64371,64374,64377,943714-943715,943723,943726,943731,943736,943743,943747,943779,943784,943804,943807,943810,943815,943848,943895,943960,943963,943966,943984,943986,943993,943996,943999,944001,944011,944016,944033,944036,944040,944045-944046,944068,944083-944084,944090,944106,944109,1317501
64234	63839,63846,63858,63869,63872,63881,63885,63933,63936,63968,64188,64216,64220,64248,64254,64297,64318,64324,64326,64331,64344,64371,64374,64377,943714-943715,943723,943726,943731,943736,943743,943747,943779,943784,943804,943807,943810,943815,943848,943895,943960,943963,943966,943984,943986,943993,943996,943999,944001,944011,944016,944033,944036,944040,944045-944046,944068,944083-944084,944090,944106,944109,1317501
64240	63940,63945,63949,63954,63992,63998,64006,64022,64043,64048,64053,64059,64061,64065,64078,64082-64083,64089,64093,64103,64260,64309,64315,64335,943782,943788,943792,943796,943798,943819,943824,943828,943835,943840,943843,943852,943856,943859,943862,943866,943871,943875,943879,943883,943886,943889,943898,943902,944005,944021,944023,944052,944054,944057,944079
64248	63839,63846,63858,63869,63872,63881,63885,63933,63936,63968,64188,64216,64220,64234,64254,64297,64318,64324,64326,64331,64344,64371,64374,64377,943714-943715,943723,943726,943731,943736,943743,943747,943779,943784,943804,943807,943810,943815,943848,943895,943960,943963,943966,943984,943986,943993,943996,943999,944001,944011,944016,944033,944036,944040,944045-944046,944068,944083-944084,944090,944106,944109,1317501
64254	63839,63846,63858,63869,63872,63881,63885,63933,63936,63968,64188,64216,64220,64234,64248,64297,64318,64324,64326,64331,64344,64371,64374,64377,943714-943715,943723,943726,943731,943736,943743,943747,943779,943784,943804,943807,943810,943815,943848,943895,943960,943963,943966,943984,943986,943993,943996,943999,944001,944011,944016,944033,944036,944040,944045-944046,944068,944083-944084,944090,944106,944109,1317501
64260	63940,63945,63949,63954,63992,63998,64006,64022,64043,64048,64053,64059,64061,64065,64078,64082-64083,64089,64093,64103,64240,64309,64315,64335,943782,943788,943792,943796,943798,943819,943824,943828,943835,943840,943843,943852,943856,943859,943862,943866,943871,943875,943879,943883,943886,943889,943898,943902,944005,944021,944023,944052,944054,944057,944079
64262	944022
64274	63854,63984,64087,64277,64385,64389,943705-943706,943708,943717-943720,943727-943729,943738-943740,943745,943761,943800-943802,943821-943822,943845-943846,943868-943869,943892-943893,943940,943989-943991,944018-944019,944037-944038,944048-944050,944059-944060,944086-944088,944098-944100,944102,944111-944112,1317516,1317556
64277	63854,63984,64087,64274,64385,64389,943705-943706,943708,943717-943720,943727-943729,943738-943740,943745,943761,943800-943802,943821-943822,943845-943846,943868-943869,943892-943893,943940,943989-943991,944018-944019,944037-944038,944048-944050,944059-944060,944086-944088,944098-944100,944102,944111-944112,1317516,1317556
64294	944043
64297	63839,63846,63858,63869,63872,63881,63885,63933,63936,63968,64188,64216,64220,64234,64248,64254,64318,64324,64326,64331,64344,64371,64374,64377,943714-943715,943723,943726,943731,943736,943743,943747,943779,943784,943804,943807,943810,943815,943848,943895,943960,943963,943966,943984,943986,943993,943996,943999,944001,944011,944016,944033,944036,944040,944045-944046,944068,944083-944084,944090,944106,944109,1317501
64309	63940,63945,63949,63954,63992,63998,64006,64022,64043,64048,64053,64059,64061,64065,64078,64082-64083,64089,64093,64103,64240,64260,64315,64335,943782,943788,943792,943796,943798,943819,943824,943828,943835,943840,943843,943852,943856,943859,943862,943866,943871,943875,943879,943883,943886,943889,943898,943902,944005,944021,944023,944052,944054,944057,944079
64315	63940,63945,63949,63954,63992,63998,64006,64022,64043,64048,64053,64059,64061,64065,64078,64082-64083,64089,64093,64103,64240,64260,64309,64335,943782,943788,943792,943796,943798,943819,943824,943828,943835,943840,943843,943852,943856,943859,943862,943866,943871,943875,943879,943883,943886,943889,943898,943902,944005,944021,944023,944052,944054,944057,944079
64318	63839,63846,63858,63869,63872,63881,63885,63933,63936,63968,64188,64216,64220,64234,64248,64254,64297,64324,64326,64331,64344,64371,64374,64377,943714-943715,943723,943726,943731,943736,943743,943747,943779,943784,943804,943807,943810,943815,943848,943895,943960,943963,943966,943984,943986,943993,943996,943999,944001,944011,944016,944033,944036,944040,944045-944046,944068,944083-944084,944090,944106,944109,1317501
64321	64334,944063,944065,944070,944072,944074,944076,1317528
64324	63839,63846,63858,63869,63872,63881,63885,63933,63936,63968,64188,64216,64220,64234,64248,64254,64297,64318,64326,64331,64344,64371,64374,64377,943714-943715,943723,943726,943731,943736,943743,943747,943779,943784,943804,943807,943810,943815,943848,943895,943960,943963,943966,943984,943986,943993,943996,943999,944001,944011,944016,944033,944036,944040,944045-944046,944068,944083-944084,944090,944106,944109,1317501
64326	63839,63846,63858,63869,63872,63881,63885,63933,63936,63968,64188,64216,64220,64234,64248,64254,64297,64318,64324,64331,64344,64371,64374,64377,943714-943715,943723,943726,943731,943736,943743,943747,943779,943784,943804,943807,943810,943815,943848,943895,943960,943963,943966,943984,943986,943993,943996,943999,944001,944011,944016,944033,944036,944040,944045-944046,944068,944083-944084,944090,944106,944109,1317501
64331	63839,63846,63858,63869,63872,63881,63885,63933,63936,63968,64188,64216,64220,64234,64248,64254,64297,64318,64324,64326,64344,64371,64374,64377,943714-943715,943723,943726,943731,943736,943743,943747,943779,943784,943804,943807,943810,943815,943848,943895,943960,943963,943966,943984,943986,943993,943996,943999,944001,944011,944016,944033,944036,944040,944045-944046,944068,944083-944084,944090,944106,944109,1317501
